ERR-ABS	0.753333333333	0.853333333333	0.886666666667	0.886666666667	0.893333333333	0.893333333333	0.9	0.906666666667	0.906666666667	0.906666666667	0.906666666667	0.913333333333	0.926666666667	0.926666666667	0.94	0.94	0.94	0.94	0.94	0.94	0.94	0.94	0.94	0.94	0.94	0.94	0.94	0.94	0.94	0.94
ERR-REL	0.74	0.82	0.866666666667	0.88	0.88	0.88	0.88	0.88	0.886666666667	0.886666666667	0.886666666667	0.886666666667	0.893333333333	0.893333333333	0.893333333333	0.893333333333	0.9	0.906666666667	0.913333333333	0.913333333333	0.913333333333	0.913333333333	0.913333333333	0.913333333333	0.913333333333	0.926666666667	0.926666666667	0.926666666667	0.926666666667	0.926666666667
RR-ABS	0.38	0.38	0.38	0.38	0.386666666667	0.386666666667	0.386666666667	0.386666666667	0.393333333333	0.393333333333	0.393333333333	0.393333333333	0.393333333333	0.393333333333	0.393333333333	0.393333333333	0.393333333333	0.393333333333	0.393333333333	0.393333333333	0.393333333333	0.393333333333	0.393333333333	0.393333333333	0.4	0.4	0.4	0.4	0.4	0.4
RR-REL	0.38	0.38	0.38	0.38	0.38	0.38	0.38	0.38	0.38	0.38	0.38	0.38	0.38	0.38	0.38	0.38	0.38	0.38	0.38	0.386666666667	0.386666666667	0.386666666667	0.386666666667	0.386666666667	0.393333333333	0.393333333333	0.393333333333	0.393333333333	0.393333333333	0.393333333333
nERR@0005-ABS	0.74	0.82	0.866666666667	0.886666666667	0.886666666667	0.886666666667	0.886666666667	0.886666666667	0.893333333333	0.893333333333	0.9	0.9	0.906666666667	0.913333333333	0.913333333333	0.913333333333	0.92	0.926666666667	0.94	0.94	0.94	0.94	0.94	0.94	0.94	0.94	0.94	0.94	0.94	0.94
nERR@0005-REL	0.74	0.82	0.866666666667	0.88	0.88	0.88	0.88	0.88	0.886666666667	0.886666666667	0.886666666667	0.886666666667	0.893333333333	0.893333333333	0.893333333333	0.893333333333	0.9	0.906666666667	0.913333333333	0.913333333333	0.913333333333	0.913333333333	0.913333333333	0.913333333333	0.913333333333	0.926666666667	0.926666666667	0.926666666667	0.926666666667	0.926666666667
ERP-ABS	0.533333333333	0.56	0.606666666667	0.633333333333	0.66	0.68	0.7	0.706666666667	0.74	0.76	0.76	0.76	0.76	0.78	0.786666666667	0.786666666667	0.793333333333	0.8	0.8	0.8	0.806666666667	0.806666666667	0.806666666667	0.806666666667	0.806666666667	0.806666666667	0.813333333333	0.813333333333	0.813333333333	0.813333333333
ERP-REL	0.52	0.526666666667	0.533333333333	0.533333333333	0.54	0.546666666667	0.566666666667	0.58	0.6	0.6	0.6	0.6	0.6	0.606666666667	0.606666666667	0.613333333333	0.633333333333	0.633333333333	0.633333333333	0.646666666667	0.646666666667	0.653333333333	0.673333333333	0.7	0.7	0.7	0.706666666667	0.706666666667	0.713333333333	0.726666666667
AP@0003-ABS	0.473333333333	0.473333333333	0.473333333333	0.473333333333	0.473333333333	0.473333333333	0.473333333333	0.473333333333	0.473333333333	0.473333333333	0.473333333333	0.48	0.48	0.48	0.48	0.48	0.48	0.48	0.48	0.48	0.48	0.48	0.48	0.48	0.48	0.48	0.48	0.48	0.48	0.48
AP@0003-REL	0.473333333333	0.473333333333	0.473333333333	0.473333333333	0.473333333333	0.473333333333	0.473333333333	0.473333333333	0.473333333333	0.473333333333	0.473333333333	0.473333333333	0.473333333333	0.473333333333	0.473333333333	0.473333333333	0.473333333333	0.473333333333	0.473333333333	0.473333333333	0.473333333333	0.473333333333	0.473333333333	0.473333333333	0.473333333333	0.473333333333	0.473333333333	0.473333333333	0.473333333333	0.473333333333
nDCG@0003-ABS	0.673333333333	0.673333333333	0.673333333333	0.693333333333	0.74	0.746666666667	0.746666666667	0.78	0.78	0.78	0.78	0.78	0.813333333333	0.813333333333	0.813333333333	0.82	0.82	0.826666666667	0.826666666667	0.826666666667	0.84	0.84	0.84	0.84	0.846666666667	0.86	0.86	0.86	0.86	0.86
nDCG@0003-REL	0.673333333333	0.673333333333	0.673333333333	0.68	0.686666666667	0.72	0.74	0.746666666667	0.746666666667	0.76	0.773333333333	0.773333333333	0.78	0.793333333333	0.8	0.82	0.82	0.82	0.82	0.82	0.833333333333	0.833333333333	0.833333333333	0.833333333333	0.833333333333	0.84	0.84	0.846666666667	0.846666666667	0.846666666667
Nor-tbg-raw-step-ABS	0.726666666667	0.773333333333	0.82	0.866666666667	0.893333333333	0.92	0.926666666667	0.933333333333	0.94	0.94	0.94	0.946666666667	0.946666666667	0.953333333333	0.953333333333	0.953333333333	0.953333333333	0.96	0.966666666667	0.966666666667	0.966666666667	0.973333333333	0.973333333333	0.973333333333	0.973333333333	0.973333333333	0.973333333333	0.973333333333	0.973333333333	0.973333333333
Nor-tbg-raw-step-REL	0.713333333333	0.74	0.78	0.82	0.846666666667	0.873333333333	0.886666666667	0.893333333333	0.9	0.913333333333	0.913333333333	0.92	0.92	0.92	0.92	0.92	0.92	0.92	0.92	0.92	0.92	0.94	0.94	0.946666666667	0.946666666667	0.946666666667	0.953333333333	0.953333333333	0.953333333333	0.953333333333
